Scene 0.0333 100 0 1 0
Material 1
0 0 1 checker_with_numbers.bmp
Mesh 1
0 0 Box01 
1.0000 0.0000 0.0000 0.0000 0.0000 1.0000 0.0000 0.0000 0.0000 0.0000 1.0000 0.0000 0.0000 0.0000 0.0000 1.0000
Box -12.1172 0.0000 -13.3599 -12.1172 0.0000 -13.3599
Vertex 24
0.0000 -12.1172 0.0000 -13.3599 0.0000 -1.0000 0.0000 1.0000 1.0000 1.0000 1.0000 1.0000
0.0000 12.1172 0.0000 13.3599 0.0000 -1.0000 0.0000 1.0000 1.0000 1.0000 0.0000 0.0000
0.0000 -12.1172 0.0000 13.3599 0.0000 -1.0000 0.0000 1.0000 1.0000 1.0000 1.0000 0.0000
0.0000 12.1172 0.0000 -13.3599 0.0000 -1.0000 0.0000 1.0000 1.0000 1.0000 0.0000 1.0000
0.0000 -12.1172 18.6105 -13.3599 0.0000 1.0000 0.0000 1.0000 1.0000 1.0000 0.0000 1.0000
0.0000 12.1172 18.6105 13.3599 0.0000 1.0000 0.0000 1.0000 1.0000 1.0000 1.0000 0.0000
0.0000 12.1172 18.6105 -13.3599 0.0000 1.0000 -0.0000 1.0000 1.0000 1.0000 1.0000 1.0000
0.0000 -12.1172 18.6105 13.3599 -0.0000 1.0000 0.0000 1.0000 1.0000 1.0000 0.0000 0.0000
0.0000 -12.1172 0.0000 -13.3599 0.0000 0.0000 -1.0000 1.0000 1.0000 1.0000 0.0000 1.0000
0.0000 12.1172 18.6105 -13.3599 0.0000 0.0000 -1.0000 1.0000 1.0000 1.0000 1.0000 0.0000
0.0000 12.1172 0.0000 -13.3599 0.0000 0.0000 -1.0000 1.0000 1.0000 1.0000 1.0000 1.0000
0.0000 -12.1172 18.6105 -13.3599 0.0000 0.0000 -1.0000 1.0000 1.0000 1.0000 0.0000 0.0000
0.0000 12.1172 0.0000 -13.3599 1.0000 0.0000 0.0000 1.0000 1.0000 1.0000 0.0000 1.0000
0.0000 12.1172 18.6105 13.3599 1.0000 0.0000 0.0000 1.0000 1.0000 1.0000 1.0000 0.0000
0.0000 12.1172 0.0000 13.3599 1.0000 -0.0000 0.0000 1.0000 1.0000 1.0000 1.0000 1.0000
0.0000 12.1172 18.6105 -13.3599 1.0000 0.0000 -0.0000 1.0000 1.0000 1.0000 0.0000 0.0000
0.0000 12.1172 0.0000 13.3599 0.0000 0.0000 1.0000 1.0000 1.0000 1.0000 0.0000 1.0000
0.0000 -12.1172 18.6105 13.3599 0.0000 0.0000 1.0000 1.0000 1.0000 1.0000 1.0000 0.0000
0.0000 -12.1172 0.0000 13.3599 0.0000 0.0000 1.0000 1.0000 1.0000 1.0000 1.0000 1.0000
0.0000 12.1172 18.6105 13.3599 0.0000 0.0000 1.0000 1.0000 1.0000 1.0000 0.0000 0.0000
0.0000 -12.1172 0.0000 13.3599 -1.0000 0.0000 0.0000 1.0000 1.0000 1.0000 0.0000 1.0000
0.0000 -12.1172 18.6105 -13.3599 -1.0000 0.0000 0.0000 1.0000 1.0000 1.0000 1.0000 0.0000
0.0000 -12.1172 0.0000 -13.3599 -1.0000 0.0000 0.0000 1.0000 1.0000 1.0000 1.0000 1.0000
0.0000 -12.1172 18.6105 13.3599 -1.0000 -0.0000 -0.0000 1.0000 1.0000 1.0000 0.0000 0.0000
Index 36 0 1 2 1 0 3 4 5 6 5 4 7 8 9 10 9 8 11 12 13 14 13 12 15 16 17 18 17 16 19 20 21 22 21 20 23
Anim 101
0.0000 0.0000 0.0000 -0.0000 -0.0000 -0.0000 1.0000 1.0000 1.0000 1.0000 1.0000 0.0000 0.0000 0.0000 1.0000 0.0000 0.0000 0.0000 1.0000
0.0000 0.0000 0.0000 -0.0000 -0.0049 -0.0000 1.0000 0.9971 1.0000 0.9951 0.9999 0.0000 -0.0108 0.0000 1.0000 0.0000 0.0108 0.0000 0.9999
0.0000 0.0000 0.0000 -0.0000 -0.0190 -0.0000 0.9998 0.9887 1.0000 0.9811 0.9998 0.0000 -0.0217 0.0000 1.0000 0.0000 0.0217 0.0000 0.9998
0.0000 0.0000 0.0000 -0.0000 -0.0411 -0.0000 0.9992 0.9753 1.0000 0.9588 0.9995 0.0000 -0.0325 0.0000 1.0000 0.0000 0.0325 0.0000 0.9995
0.0000 0.0000 0.0000 -0.0000 -0.0703 -0.0000 0.9975 0.9573 1.0000 0.9293 0.9991 0.0000 -0.0434 0.0000 1.0000 0.0000 0.0434 0.0000 0.9991
0.0000 0.0000 0.0000 -0.0000 -0.1056 -0.0000 0.9944 0.9354 1.0000 0.8933 0.9985 0.0000 -0.0542 0.0000 1.0000 0.0000 0.0542 0.0000 0.9985
0.0000 0.0000 0.0000 -0.0000 -0.1457 -0.0000 0.9893 0.9099 1.0000 0.8518 0.9979 0.0000 -0.0650 0.0000 1.0000 0.0000 0.0650 0.0000 0.9979
0.0000 0.0000 0.0000 -0.0000 -0.1896 -0.0000 0.9819 0.8813 1.0000 0.8057 0.9971 0.0000 -0.0758 0.0000 1.0000 0.0000 0.0758 0.0000 0.9971
0.0000 0.0000 0.0000 -0.0000 -0.2360 -0.0000 0.9717 0.8501 1.0000 0.7560 0.9962 0.0000 -0.0866 0.0000 1.0000 0.0000 0.0866 0.0000 0.9962
0.0000 0.0000 0.0000 -0.0000 -0.2839 -0.0000 0.9588 0.8169 1.0000 0.7035 0.9952 0.0000 -0.0974 0.0000 1.0000 0.0000 0.0974 0.0000 0.9952
0.0000 0.0000 0.0000 -0.0000 -0.3321 -0.0000 0.9433 0.7821 1.0000 0.6491 0.9941 0.0000 -0.1082 0.0000 1.0000 0.0000 0.1082 0.0000 0.9941
0.0000 0.0000 0.0000 -0.0000 -0.3794 -0.0000 0.9253 0.7462 1.0000 0.5938 0.9929 0.0000 -0.1190 0.0000 1.0000 0.0000 0.1190 0.0000 0.9929
0.0000 0.0000 0.0000 -0.0000 -0.4248 -0.0000 0.9053 0.7097 1.0000 0.5385 0.9915 0.0000 -0.1297 0.0000 1.0000 0.0000 0.1297 0.0000 0.9915
0.0000 0.0000 0.0000 -0.0000 -0.4673 -0.0000 0.8841 0.6730 1.0000 0.4841 0.9901 0.0000 -0.1405 0.0000 1.0000 0.0000 0.1405 0.0000 0.9901
0.0000 0.0000 0.0000 -0.0000 -0.5062 -0.0000 0.8624 0.6367 1.0000 0.4315 0.9885 0.0000 -0.1512 0.0000 1.0000 0.0000 0.1512 0.0000 0.9885
0.0000 0.0000 0.0000 -0.0000 -0.5406 -0.0000 0.8412 0.6013 1.0000 0.3815 0.9868 0.0000 -0.1619 0.0000 1.0000 0.0000 0.1619 0.0000 0.9868
0.0000 0.0000 0.0000 -0.0000 -0.5701 -0.0000 0.8216 0.5672 1.0000 0.3352 0.9850 0.0000 -0.1726 0.0000 1.0000 0.0000 0.1726 0.0000 0.9850
0.0000 0.0000 0.0000 -0.0000 -0.5939 -0.0000 0.8046 0.5349 1.0000 0.2935 0.9831 0.0000 -0.1833 0.0000 1.0000 0.0000 0.1833 0.0000 0.9831
0.0000 0.0000 0.0000 -0.0000 -0.6116 -0.0000 0.7912 0.5049 1.0000 0.2572 0.9810 0.0000 -0.1939 0.0000 1.0000 0.0000 0.1939 0.0000 0.9810
0.0000 0.0000 0.0000 -0.0000 -0.6226 -0.0000 0.7825 0.4778 1.0000 0.2272 0.9789 0.0000 -0.2045 0.0000 1.0000 0.0000 0.2045 0.0000 0.9789
0.0000 0.0000 0.0000 -0.0000 -0.6264 -0.0000 0.7795 0.4539 1.0000 0.2045 0.9766 0.0000 -0.2151 0.0000 1.0000 0.0000 0.2151 0.0000 0.9766
0.0000 0.0000 0.0000 -0.0045 -0.6252 0.0020 0.7804 0.4315 0.9986 0.1867 0.9765 -0.0095 -0.2151 0.0097 1.0000 -0.0000 0.2151 -0.0021 0.9766
0.0000 0.0000 0.0000 -0.0173 -0.6217 0.0079 0.7830 0.4087 0.9946 0.1706 0.9764 -0.0189 -0.2151 0.0194 0.9998 -0.0000 0.2151 -0.0042 0.9766
0.0000 0.0000 0.0000 -0.0374 -0.6161 0.0173 0.7866 0.3855 0.9882 0.1561 0.9762 -0.0284 -0.2151 0.0291 0.9996 -0.0000 0.2150 -0.0063 0.9766
0.0000 0.0000 0.0000 -0.0636 -0.6088 0.0302 0.7902 0.3623 0.9798 0.1432 0.9759 -0.0378 -0.2151 0.0388 0.9992 -0.0000 0.2150 -0.0083 0.9766
0.0000 0.0000 0.0000 -0.0949 -0.6000 0.0465 0.7930 0.3391 0.9696 0.1318 0.9754 -0.0473 -0.2151 0.0484 0.9988 -0.0000 0.2149 -0.0104 0.9766
0.0000 0.0000 0.0000 -0.1299 -0.5900 0.0659 0.7942 0.3162 0.9580 0.1218 0.9749 -0.0568 -0.2151 0.0581 0.9983 -0.0000 0.2148 -0.0125 0.9766
0.0000 0.0000 0.0000 -0.1674 -0.5792 0.0881 0.7929 0.2937 0.9452 0.1131 0.9743 -0.0662 -0.2151 0.0678 0.9977 -0.0000 0.2146 -0.0146 0.9766
0.0000 0.0000 0.0000 -0.2061 -0.5681 0.1130 0.7887 0.2717 0.9316 0.1056 0.9737 -0.0756 -0.2151 0.0775 0.9970 -0.0000 0.2145 -0.0167 0.9766
0.0000 0.0000 0.0000 -0.2447 -0.5571 0.1399 0.7812 0.2505 0.9174 0.0992 0.9729 -0.0851 -0.2151 0.0871 0.9962 -0.0000 0.2143 -0.0187 0.9766
0.0000 0.0000 0.0000 -0.2820 -0.5466 0.1684 0.7703 0.2302 0.9028 0.0938 0.9720 -0.0945 -0.2151 0.0968 0.9953 -0.0000 0.2141 -0.0208 0.9766
0.0000 0.0000 0.0000 -0.3171 -0.5369 0.1978 0.7564 0.2111 0.8883 0.0894 0.9710 -0.1039 -0.2151 0.1064 0.9943 -0.0000 0.2139 -0.0229 0.9766
0.0000 0.0000 0.0000 -0.3491 -0.5283 0.2272 0.7399 0.1932 0.8741 0.0858 0.9700 -0.1133 -0.2151 0.1160 0.9932 -0.0000 0.2137 -0.0250 0.9766
0.0000 0.0000 0.0000 -0.3774 -0.5211 0.2559 0.7215 0.1767 0.8604 0.0830 0.9688 -0.1227 -0.2151 0.1257 0.9921 -0.0000 0.2134 -0.0270 0.9766
0.0000 0.0000 0.0000 -0.4016 -0.5152 0.2832 0.7022 0.1619 0.8476 0.0808 0.9676 -0.1321 -0.2151 0.1353 0.9908 -0.0000 0.2132 -0.0291 0.9766
0.0000 0.0000 0.0000 -0.4216 -0.5107 0.3081 0.6830 0.1489 0.8360 0.0792 0.9663 -0.1415 -0.2151 0.1449 0.9895 -0.0000 0.2129 -0.0312 0.9766
0.0000 0.0000 0.0000 -0.4375 -0.5075 0.3299 0.6650 0.1379 0.8259 0.0781 0.9649 -0.1508 -0.2151 0.1544 0.9880 -0.0000 0.2125 -0.0332 0.9766
0.0000 0.0000 0.0000 -0.4495 -0.5053 0.3480 0.6492 0.1290 0.8175 0.0774 0.9634 -0.1602 -0.2151 0.1640 0.9865 -0.0000 0.2122 -0.0353 0.9766
0.0000 0.0000 0.0000 -0.4579 -0.5040 0.3617 0.6368 0.1224 0.8111 0.0770 0.9618 -0.1695 -0.2151 0.1736 0.9848 -0.0000 0.2119 -0.0373 0.9766
0.0000 0.0000 0.0000 -0.4629 -0.5033 0.3703 0.6288 0.1184 0.8071 0.0769 0.9601 -0.1788 -0.2151 0.1831 0.9831 -0.0000 0.2115 -0.0394 0.9766
0.0000 0.0000 0.0000 -0.4645 -0.5030 0.3734 0.6259 0.1170 0.8057 0.0769 0.9583 -0.1881 -0.2151 0.1926 0.9813 -0.0000 0.2111 -0.0414 0.9766
0.0000 0.0000 0.0000 -0.4620 -0.5046 0.3725 0.6270 0.1172 0.8108 0.0770 0.9582 -0.1885 -0.2151 0.1930 0.9812 -0.0000 0.2111 -0.0415 0.9766
0.0000 0.0000 0.0000 -0.4546 -0.5092 0.3701 0.6301 0.1180 0.8254 0.0776 0.9582 -0.1888 -0.2151 0.1933 0.9811 -0.0000 0.2111 -0.0416 0.9766
0.0000 0.0000 0.0000 -0.4423 -0.5171 0.3668 0.6344 0.1193 0.8485 0.0786 0.9581 -0.1892 -0.2151 0.1937 0.9811 -0.0000 0.2111 -0.0417 0.9766
0.0000 0.0000 0.0000 -0.4251 -0.5283 0.3636 0.6388 0.1209 0.8790 0.0802 0.9580 -0.1895 -0.2151 0.1941 0.9810 -0.0000 0.2110 -0.0418 0.9766
0.0000 0.0000 0.0000 -0.4030 -0.5429 0.3615 0.6420 0.1229 0.9159 0.0825 0.9579 -0.1899 -0.2151 0.1944 0.9809 -0.0000 0.2110 -0.0418 0.9766
0.0000 0.0000 0.0000 -0.3762 -0.5609 0.3619 0.6426 0.1252 0.9580 0.0855 0.9579 -0.1902 -0.2151 0.1948 0.9808 -0.0000 0.2110 -0.0419 0.9766
0.0000 0.0000 0.0000 -0.3454 -0.5817 0.3660 0.6390 0.1278 1.0044 0.0894 0.9578 -0.1906 -0.2151 0.1952 0.9808 -0.0000 0.2110 -0.0420 0.9766
0.0000 0.0000 0.0000 -0.3118 -0.6042 0.3750 0.6301 0.1304 1.0540 0.0942 0.9577 -0.1909 -0.2151 0.1955 0.9807 -0.0000 0.2110 -0.0421 0.9766
0.0000 0.0000 0.0000 -0.2769 -0.6272 0.3898 0.6149 0.1332 1.1057 0.1000 0.9577 -0.1913 -0.2151 0.1959 0.9806 -0.0000 0.2110 -0.0421 0.9766
0.0000 0.0000 0.0000 -0.2424 -0.6490 0.4104 0.5930 0.1361 1.1584 0.1070 0.9576 -0.1916 -0.2151 0.1962 0.9806 -0.0000 0.2109 -0.0422 0.9766
0.0000 0.0000 0.0000 -0.2101 -0.6680 0.4366 0.5648 0.1390 1.2111 0.1152 0.9575 -0.1920 -0.2151 0.1966 0.9805 -0.0000 0.2109 -0.0423 0.9766
0.0000 0.0000 0.0000 -0.1817 -0.6829 0.4673 0.5313 0.1418 1.2628 0.1247 0.9575 -0.1924 -0.2151 0.1970 0.9804 -0.0000 0.2109 -0.0424 0.9766
0.0000 0.0000 0.0000 -0.1583 -0.6927 0.5010 0.4940 0.1445 1.3123 0.1355 0.9574 -0.1927 -0.2151 0.1973 0.9803 0.0000 0.2109 -0.0425 0.9766
0.0000 0.0000 0.0000 -0.1404 -0.6973 0.5358 0.4549 0.1470 1.3587 0.1479 0.9573 -0.1931 -0.2151 0.1977 0.9803 0.0000 0.2109 -0.0425 0.9766
0.0000 0.0000 0.0000 -0.1278 -0.6971 0.5697 0.4161 0.1493 1.4009 0.1619 0.9572 -0.1934 -0.2151 0.1981 0.9802 -0.0000 0.2109 -0.0426 0.9766
0.0000 0.0000 0.0000 -0.1196 -0.6933 0.6007 0.3797 0.1513 1.4377 0.1775 0.9572 -0.1938 -0.2151 0.1984 0.9801 -0.0000 0.2109 -0.0427 0.9766
0.0000 0.0000 0.0000 -0.1145 -0.6876 0.6272 0.3475 0.1529 1.4682 0.1950 0.9571 -0.1941 -0.2151 0.1988 0.9800 -0.0000 0.2108 -0.0428 0.9766
0.0000 0.0000 0.0000 -0.1108 -0.6820 0.6477 0.3211 0.1542 1.4913 0.2142 0.9570 -0.1945 -0.2151 0.1991 0.9800 -0.0000 0.2108 -0.0428 0.9766
0.0000 0.0000 0.0000 -0.1066 -0.6785 0.6611 0.3019 0.1550 1.5060 0.2355 0.9570 -0.1948 -0.2151 0.1995 0.9799 -0.0000 0.2108 -0.0429 0.9766
0.0000 0.0000 0.0000 -0.1006 -0.6790 0.6663 0.2912 0.1553 1.5111 0.2587 0.9569 -0.1952 -0.2151 0.1999 0.9798 -0.0000 0.2108 -0.0430 0.9766
0.0000 0.0000 0.0000 -0.0929 -0.6813 0.6670 0.2868 0.1550 1.5037 0.3040 0.9514 -0.2103 -0.2250 0.2140 0.9768 -0.0082 0.2215 -0.0404 0.9743
0.0000 0.0000 0.0000 -0.0844 -0.6824 0.6678 0.2851 0.1541 1.4823 0.3880 0.9456 -0.2254 -0.2348 0.2279 0.9735 -0.0165 0.2323 -0.0379 0.9719
0.0000 0.0000 0.0000 -0.0750 -0.6823 0.6685 0.2863 0.1527 1.4487 0.5064 0.9394 -0.2404 -0.2443 0.2418 0.9700 -0.0249 0.2430 -0.0357 0.9694
0.0000 0.0000 0.0000 -0.0647 -0.6811 0.6692 0.2899 0.1509 1.4043 0.6548 0.9329 -0.2554 -0.2537 0.2555 0.9662 -0.0335 0.2537 -0.0336 0.9667
0.0000 0.0000 0.0000 -0.0535 -0.6790 0.6697 0.2959 0.1487 1.3506 0.8287 0.9261 -0.2704 -0.2630 0.2690 0.9622 -0.0422 0.2645 -0.0316 0.9639
0.0000 0.0000 0.0000 -0.0414 -0.6759 0.6701 0.3040 0.1461 1.2892 1.0236 0.9190 -0.2854 -0.2721 0.2823 0.9580 -0.0511 0.2752 -0.0299 0.9609
0.0000 0.0000 0.0000 -0.0284 -0.6719 0.6702 0.3141 0.1434 1.2217 1.2351 0.9115 -0.3002 -0.2810 0.2955 0.9534 -0.0601 0.2859 -0.0283 0.9578
0.0000 0.0000 0.0000 0.0144 0.6669 -0.6699 -0.3259 0.1404 1.1495 1.4587 0.9038 -0.3150 -0.2897 0.3085 0.9487 -0.0692 0.2966 -0.0269 0.9546
0.0000 0.0000 0.0000 -0.0005 0.6610 -0.6693 -0.3393 0.1373 1.0743 1.6900 0.8957 -0.3298 -0.2983 0.3214 0.9437 -0.0784 0.3073 -0.0256 0.9513
0.0000 0.0000 0.0000 -0.0163 0.6543 -0.6681 -0.3540 0.1341 0.9975 1.9245 0.8873 -0.3445 -0.3066 0.3340 0.9385 -0.0877 0.3180 -0.0246 0.9478
0.0000 0.0000 0.0000 -0.0331 0.6466 -0.6664 -0.3697 0.1310 0.9207 2.1578 0.8786 -0.3591 -0.3148 0.3465 0.9330 -0.0972 0.3286 -0.0237 0.9442
0.0000 0.0000 0.0000 -0.0508 0.6381 -0.6640 -0.3864 0.1279 0.8455 2.3854 0.8696 -0.3736 -0.3228 0.3588 0.9273 -0.1068 0.3393 -0.0230 0.9404
0.0000 0.0000 0.0000 -0.0693 0.6288 -0.6609 -0.4038 0.1249 0.7733 2.6030 0.8603 -0.3881 -0.3306 0.3709 0.9214 -0.1165 0.3498 -0.0224 0.9365
0.0000 0.0000 0.0000 -0.0888 0.6188 -0.6569 -0.4216 0.1221 0.7058 2.8059 0.8507 -0.4024 -0.3382 0.3828 0.9152 -0.1262 0.3604 -0.0221 0.9326
0.0000 0.0000 0.0000 -0.1091 0.6080 -0.6519 -0.4398 0.1196 0.6444 2.9899 0.8408 -0.4167 -0.3457 0.3944 0.9088 -0.1361 0.3709 -0.0219 0.9284
0.0000 0.0000 0.0000 -0.1302 0.5967 -0.6458 -0.4582 0.1174 0.5907 3.1504 0.8306 -0.4308 -0.3529 0.4059 0.9022 -0.1461 0.3813 -0.0219 0.9242
0.0000 0.0000 0.0000 -0.1520 0.5849 -0.6385 -0.4766 0.1156 0.5463 3.2829 0.8201 -0.4449 -0.3599 0.4172 0.8953 -0.1562 0.3917 -0.0220 0.9198
0.0000 0.0000 0.0000 -0.1745 0.5726 -0.6299 -0.4948 0.1142 0.5127 3.3831 0.8093 -0.4588 -0.3667 0.4282 0.8882 -0.1663 0.4020 -0.0224 0.9154
0.0000 0.0000 0.0000 0.1976 -0.5602 0.6198 0.5128 0.1133 0.4913 3.4465 0.7983 -0.4726 -0.3733 0.4390 0.8810 -0.1766 0.4123 -0.0229 0.9108
0.0000 0.0000 0.0000 0.2212 -0.5476 0.6081 0.5304 0.1130 0.4839 3.4686 0.7870 -0.4863 -0.3797 0.4496 0.8735 -0.1869 0.4225 -0.0236 0.9060
0.0000 0.0000 0.0000 0.2449 -0.5359 0.5915 0.5505 0.1194 0.4876 3.4507 0.8070 -0.4646 -0.3645 0.4313 0.8854 -0.1735 0.4033 -0.0172 0.9149
0.0000 0.0000 0.0000 0.2676 -0.5251 0.5669 0.5756 0.1378 0.4983 3.3995 0.8262 -0.4424 -0.3488 0.4124 0.8968 -0.1604 0.3838 -0.0113 0.9233
0.0000 0.0000 0.0000 0.2879 -0.5141 0.5350 0.6055 0.1669 0.5153 3.3187 0.8445 -0.4198 -0.3327 0.3929 0.9076 -0.1478 0.3639 -0.0059 0.9314
0.0000 0.0000 0.0000 0.3045 -0.5015 0.4966 0.6397 0.2053 0.5376 3.2119 0.8618 -0.3968 -0.3160 0.3730 0.9179 -0.1354 0.3438 -0.0011 0.9390
0.0000 0.0000 0.0000 0.3161 -0.4861 0.4527 0.6774 0.2516 0.5645 3.0829 0.8782 -0.3735 -0.2989 0.3525 0.9276 -0.1235 0.3234 0.0031 0.9463
0.0000 0.0000 0.0000 0.3215 -0.4667 0.4046 0.7177 0.3046 0.5954 2.9354 0.8936 -0.3498 -0.2813 0.3315 0.9368 -0.1120 0.3027 0.0069 0.9531
0.0000 0.0000 0.0000 0.3199 -0.4426 0.3539 0.7593 0.3629 0.6293 2.7731 0.9080 -0.3259 -0.2633 0.3100 0.9454 -0.1009 0.2818 0.0100 0.9594
0.0000 0.0000 0.0000 0.3109 -0.4133 0.3022 0.8008 0.4252 0.6656 2.5997 0.9214 -0.3017 -0.2448 0.2881 0.9533 -0.0903 0.2607 0.0126 0.9654
0.0000 0.0000 0.0000 0.2945 -0.3787 0.2513 0.8407 0.4902 0.7034 2.4188 0.9338 -0.2772 -0.2260 0.2658 0.9607 -0.0801 0.2394 0.0147 0.9708
0.0000 0.0000 0.0000 0.2713 -0.3393 0.2029 0.8775 0.5565 0.7419 2.2343 0.9452 -0.2525 -0.2069 0.2431 0.9675 -0.0703 0.2179 0.0162 0.9758
0.0000 0.0000 0.0000 0.2423 -0.2962 0.1585 0.9102 0.6228 0.7805 2.0498 0.9555 -0.2276 -0.1874 0.2200 0.9736 -0.0610 0.1963 0.0171 0.9804
0.0000 0.0000 0.0000 0.2089 -0.2505 0.1193 0.9378 0.6878 0.8183 1.8690 0.9648 -0.2026 -0.1675 0.1966 0.9791 -0.0522 0.1746 0.0174 0.9845
0.0000 0.0000 0.0000 0.1728 -0.2040 0.0861 0.9598 0.7501 0.8546 1.6955 0.9730 -0.1775 -0.1474 0.1728 0.9840 -0.0439 0.1528 0.0172 0.9881
0.0000 0.0000 0.0000 0.1360 -0.1584 0.0590 0.9762 0.8084 0.8885 1.5332 0.9802 -0.1522 -0.1270 0.1488 0.9882 -0.0361 0.1310 0.0165 0.9912
0.0000 0.0000 0.0000 0.1003 -0.1156 0.0380 0.9875 0.8614 0.9194 1.3857 0.9862 -0.1268 -0.1063 0.1245 0.9918 -0.0287 0.1091 0.0151 0.9939
0.0000 0.0000 0.0000 0.0678 -0.0773 0.0225 0.9944 0.9078 0.9463 1.2567 0.9912 -0.1015 -0.0854 0.0999 0.9948 -0.0219 0.0872 0.0132 0.9961
0.0000 0.0000 0.0000 0.0400 -0.0453 0.0118 0.9981 0.9461 0.9686 1.1500 0.9950 -0.0761 -0.0643 0.0752 0.9970 -0.0157 0.0653 0.0107 0.9978
0.0000 0.0000 0.0000 0.0185 -0.0209 0.0050 0.9996 0.9752 0.9855 1.0691 0.9978 -0.0507 -0.0430 0.0503 0.9987 -0.0099 0.0435 0.0077 0.9990
0.0000 0.0000 0.0000 0.0048 -0.0054 0.0012 1.0000 0.9936 0.9963 1.0179 0.9994 -0.0253 -0.0216 0.0252 0.9997 -0.0047 0.0217 0.0041 0.9998
0.0000 0.0000 0.0000 -0.0000 -0.0000 -0.0000 1.0000 1.0000 1.0000 1.0000 1.0000 0.0000 0.0000 0.0000 1.0000 0.0000 0.0000 0.0000 1.0000
